1	A	5	0	0	0	13	0	20	17	14	0	0	0	20	0	24	13
1	T	0	18	18	0	0	17	15	14	1	15	12	0	0	13	18	19
1	C	16	16	0	14	0	0	0	0	11	15	0	16	0	0	0	0
1	G	0	0	19	13	16	12	0	0	0	0	16	17	12	20	0	0
2	A	27	0	0	0	25	0	0	0	34	2	0	0	32	0	1	0
2	T	0	0	0	0	0	24	32	18	0	0	0	0	0	35	29	23
2	C	0	29	0	0	0	0	0	1	0	23	0	0	0	0	0	0
2	G	0	0	33	27	1	0	0	0	0	0	34	29	0	0	0	1
3	A	0	0	22	0	0	0	24	23	0	0	0	1	0	0	35	0
3	T	0	1	0	20	22	0	0	0	0	0	23	0	0	30	1	0
3	C	28	1	0	0	0	0	0	0	32	1	0	45	0	0	0	29
3	G	0	34	0	0	0	19	0	0	1	28	0	0	22	0	0	0
4	A	18	0	0	0	14	0	20	5	14	0	0	0	16	1	11	9
4	T	1	14	9	1	0	11	9	10	0	17	9	0	0	19	14	8
4	C	14	14	0	13	0	0	0	0	19	19	0	13	0	0	0	0
4	G	0	0	9	17	14	20	0	0	0	0	10	12	9	11	1	1
5	A	18	0	0	0	11	0	32	26	15	0	0	0	19	0	30	22
5	T	1	39	34	0	0	15	13	11	1	34	26	0	0	16	21	11
5	C	26	12	0	30	0	0	0	0	31	16	0	34	0	0	0	1
5	G	0	1	21	20	19	30	0	0	0	0	11	12	26	30	1	0
6	A	53	0	0	0	30	0	17	0	41	0	0	0	33	0	21	0
6	T	0	15	14	0	0	28	32	41	0	14	19	0	0	30	34	34
6	C	1	25	0	0	21	0	0	1	0	27	0	1	11	0	1	0
6	G	0	0	29	38	0	11	1	0	0	0	43	64	0	15	0	0
7	A	9	1	22	0	14	0	31	33	15	0	0	0	15	0	18	14
7	T	0	5	13	17	13	12	11	17	0	27	34	0	0	32	10	13
7	C	37	16	0	10	0	0	0	0	30	10	0	28	0	0	0	13
7	G	0	13	15	15	14	23	0	1	0	11	15	18	21	20	0	1
8	A	1	1	19	1	0	1	39	36	1	0	0	0	0	1	45	18
8	T	0	12	10	23	27	1	0	0	0	9	50	0	0	33	0	0
8	C	41	0	0	12	0	0	3	0	46	0	0	42	1	0	0	36
8	G	0	28	0	0	14	46	0	0	0	34	0	0	50	10	0	0
9	A	34	0	25	0	5	0	42	27	26	0	0	0	17	1	60	0
9	T	0	13	10	23	26	12	24	40	0	19	47	0	0	39	21	34
9	C	29	11	0	0	9	2	0	0	25	16	0	32	13	1	1	25
9	G	0	27	21	23	0	51	0	0	0	29	18	32	28	15	0	0
10	A	30	0	0	0	31	0	33	19	49	0	0	1	37	1	30	12
10	T	0	22	26	0	0	32	25	44	0	32	22	0	0	25	23	39
10	C	13	36	0	20	14	1	0	1	13	34	0	11	12	0	1	1
10	G	0	0	30	54	20	25	1	0	0	0	22	49	7	27	0	0
11	A	42	0	0	0	1	0	67	26	47	0	0	0	0	0	62	15
11	T	0	50	58	1	0	0	1	54	0	60	77	0	1	0	1	43
11	C	16	1	0	14	57	0	0	0	14	0	0	16	46	0	0	0
11	G	0	0	3	43	15	68	0	0	1	0	0	51	14	54	1	0
12	A	19	1	44	0	12	0	38	54	12	0	1	0	18	1	54	0
12	T	0	0	0	48	44	12	16	15	0	0	36	0	1	62	17	9
12	C	50	19	0	0	0	0	2	0	44	16	1	35	0	1	1	46
12	G	0	49	11	16	1	39	0	0	0	48	16	11	41	0	0	0
